0,273
0,270
105,52
105,51
105,50
105,49
105,48
105,47
105,46
105,45
105,44
105,43
105,42
105,41
105,40
105,39
105,38
105,37
105,36
105,35
10,281
10,168
10,131
10,92
10,204
10,207
96,5
96,4
96,3
96,2
96,1
96,0
95,5
95,4
95,3
10,124
10,2
10,3
95,2
95,1
95,0
94,5
94,4
94,3
94,2
94,1
94,0
93,5
93,4
93,3
93,2
93,1
93,0
92,4
92,3
92,2
92,1
92,0
91,3
91,1
11,30
11,29
11,28
11,27
11,26
11,25
11,24
11,23
11,22
11,21
11,20
11,18
11,17
11,16
11,15
11,14
11,13
11,12
11,11
11,10
11,8
11,6
11,5
11,4
11,3
11,2
11,1
10,312
10,310
10,309
10,308
10,306
10,304
10,295
8,16
8,6
8,5
8,9
8,10
12,2
12,1
12,3
20,2
20,1
20,3
10,294
10,287
10,282
10,274
10,269
10,262
19,2
19,1
19,3
10,256
